z[8]=8.259710	
{0.218750, 8.259710},
zero=0.000000
z[8]=8.259710	
{0.218750, 8.259710},
zero=0.000000
z[9]=8.514684	
{0.250000, 8.514684},
zero=0.000000
z[10]=8.742253	
{0.281250, 8.742253},
zero=0.000000
z[11]=8.945212	
{0.312500, 8.945212},
zero=0.000000
z[12]=9.126459	
{0.343750, 9.126459},
zero=0.000000
z[13]=9.288696	
{0.375000, 9.288696},
zero=0.000000
z[14]=9.434320	
{0.406250, 9.434320},
zero=0.000000
z[15]=9.565410	
{0.437500, 9.565410},
zero=0.000000
z[16]=9.683756	
{0.468750, 9.683756},
zero=0.000000
z[17]=9.790902	
{0.500000, 9.790902},
zero=0.000000
z[18]=9.888184	
{0.531250, 9.888184},
zero=0.000000
z[19]=9.976766	
{0.562500, 9.976766},
zero=0.000000
z[20]=10.057671	
{0.593750, 10.057671},
zero=0.000000
z[21]=10.131803	
{0.625000, 10.131803},
zero=0.000000
z[22]=10.199968	
{0.656250, 10.199968},
zero=0.000000
z[23]=10.262893	
{0.687500, 10.262893},
zero=0.000000
z[24]=10.321231	
{0.718750, 10.321231},
zero=0.000000
z[25]=10.375583	
{0.750000, 10.375583},
zero=0.000000
z[26]=10.426497	
{0.781250, 10.426497},
zero=0.000000
z[27]=10.474485	
{0.812500, 10.474485},
zero=0.000000
z[28]=10.520022	
{0.843750, 10.520022},
zero=0.000000
z[29]=10.563556	
{0.875000, 10.563556},
zero=0.000000
z[30]=10.605516	
{0.906250, 10.605516},
zero=0.000000
z[31]=10.646312	
{0.937500, 10.646312},
zero=0.000000
z[32]=10.686340	
{0.968750, 10.686340},
zero=0.000000
z[33]=10.725991	
{1.000000, 10.725991},
zero=0.000000
z[34]=10.765652	
{1.031250, 10.765652},
zero=0.000000
z[35]=10.805708	
{1.062500, 10.805708},
zero=0.000000
z[36]=10.846552	
{1.093750, 10.846552},
zero=0.000000
z[37]=10.888585	
{1.125000, 10.888585},
zero=0.000000
z[38]=10.932221	
{1.156250, 10.932221},
zero=0.000000
z[39]=10.977895	
{1.187500, 10.977895},
zero=0.000000
z[40]=11.026065	
{1.218750, 11.026065},
zero=0.000000
z[41]=11.077218	
{1.250000, 11.077218},
zero=0.000000
z[42]=11.131880	
{1.281250, 11.131880},
zero=0.000000
z[43]=11.190623	
{1.312500, 11.190623},
zero=0.000000
z[44]=11.254070	
{1.343750, 11.254070},
zero=0.000000
z[45]=11.322915	
{1.375000, 11.322915},
zero=0.000000
z[46]=11.397928	
{1.406250, 11.397928},
zero=0.000000
z[47]=11.479978	
{1.437500, 11.479978},
zero=0.000000
z[48]=11.570056	
{1.468750, 11.570056},
zero=0.000000
z[49]=11.669301	
{1.500000, 11.669301},
zero=0.000000
z[50]=11.779041	
{1.531250, 11.779041},
zero=0.000000
z[51]=11.900851	
{1.562500, 11.900851},
zero=0.000000
z[52]=12.036621	
{1.593750, 12.036621},
zero=0.000000
z[53]=12.188670	
{1.625000, 12.188670},
zero=0.000000
z[54]=12.359907	
{1.656250, 12.359907},
zero=0.000000
z[55]=12.554084	
{1.687500, 12.554084},
zero=0.000000
z[56]=12.776194	
{1.718750, 12.776194},
zero=0.000000
z[57]=13.033177	
{1.750000, 13.033177},
zero=0.000000
z[58]=13.335198	
{1.781250, 13.335198},
zero=0.000000
z[59]=13.698299	
{1.812500, 13.698299},
zero=0.000000
z[60]=14.150704	
{1.843750, 14.150704},
zero=0.000000
z[61]=14.751857	
{1.875000, 14.751857},
zero=0.000000
m=-1.000000	R0=2.000000
result=8.259710	radius=8
